556
808
912
889
452
392
175
154
687
108
68
279
585
35
739
75
800
949
47
308
343
452
483
505
119
641
13
569
779
295
59
753
217
403
199
727
522
679
973
626
395
127
89
977
679
626
180
96
404
725
420
689
547
110
513
72
248
33
627
574
134
520
301
335
669
382
27
208
356
909
419
381
380
778
449
451
46
481
673
125
169
519
412
743
686
787
119
557
843
419
35
553
504
188
711
65
121
985
488
898
366
909
106
320
889
349
54
317
451
186
671
875
547
372
948
608
515
812
409
712
555
758
146
122
771
478
794
661
414
860
182
644
509
747
609
381
514
325
604
59
870
397
810
158
641
132
538
225
702
406
992
954
842
185
480
592
684
586
231
848
754
464
867
713
747
853
594
855
476
248
36
145
133
845
853
472
818
435
634
892
368
744
554
244
269
764
538
888
601
488
592
953
940
922
217
0
240
37
916
794
847
26
27
351
837
301
647
601
564
877
860
849
138
783
935
414
278
333
162
47
557
901
459
587
732
487
699
900
978
732
521
572
345
950
209
490
831
394
609
874
890
612
317
19
507
533
958
733
301
4
889
444
701
60
209
924
521
177
542
500
209
175
561
780
743
345
39
733
593
793
632
738
237
4
194
831
864
795
222
593
275
846
567
50
913
808
861
80
295
733
853
473
563
381
942
124
523
584
266
17
65
691
956
116
582
284
307
523
924
435
491
741
965
134
676
12
430
841
121
267
682
165
605
997
691
867
614
36
445
307
575
900
114
972
944
229
274
351
888
578
0
967
210
891
579
271
310
52
324
818
408
633
770
883
945
495
729
375
983
989
135
577
620
32
976
889
439
789
486
966
106
812
891
519
861
280
241
508
734
15
436
527
137
674
802
951
653
948
633
884
707
699
268
24
610
146
2
707
730
292
355
906
517
612
614
496
412
616
377
195
593
136
460
278
404
362
522
332
434
480
592
720
351
281
722
568
479
654
201
33
812
910
22
656
497
112
529
526
456
719
224
776
213
266
718
4
927
43
633
447
482
521
924
257
594
677
530
323
346
226
797
228
600
552
955
507
81
343
443
820
299
84
47
99
746
129
855
419
893
466
293
299
195
399
531
783
243
811
916
798
249
836
750
892
897
394
363
635
856
344
574
442
354
270
381
912
890
181
126
18
84
943
876
159
873
299
102
939
889
701
245
80
909
316
830
165
18
153
748
189
874
723
634
412
180
111
509
837
438
802
677
313
297
3
785
641
605
272
748
198
940
930
665
981
673
1
333
606
654
535
131
702
232
0
272
937
196
156
11
532
36
315
560
697
904
376
772
734
420
776
616
322
506
681
36
850
484
890
577
506
494
331
925
201
947
304
199
753
78
549
375
460
49
726
389
53
916
269
761
797
259
850
36
787
99
477
828
22
460
119
989
250
712
876
94
88
56
136
851
627
246
917
204
156
607
352
762
699
932
251
602
772
560
101
638
119
250
36
418
407
508
124
709
354
740
888
534
266
63
680
253
431
859
536
52
211
640
876
556
301
770
400
171
511
338
387
17
70
429
278
493
593
273
571
861
957
628
318
962
446
117
631
692
739
674
605
752
175
359
19
294
542
661
758
32
932
215
643
530
275
949
466
93
591
271
701
734
796
233
749
572
947
328
601
493
169
650
873
673
126
585
935
275
462
721
71
500
867
283
724
23
269
366
529
821
782
247
70
824
285
803
452
340
524
693
8
433
753
244
458
880
612
135
701
796
503
311
685
364
625
772
143
36
538
944
377
407
689
984
59
469
924
530
490
192
683
256
317
151
994
527
987
267
500
427
439
771
792
992
58
492
456
93
419
212
624
781
623
25
120
391
739
758
738
911
966
860
854
370
33
614
882
659
465
382
165
86
124
232
676
294
306
884
217
898
351
348
4
106
646
714
62
46
109
477
277
98
608
697
216
998
740
328
248
846
30
752
973
291
358
89
666
54
933
743
279
651
60
430
193
600
153
804
536
354
884
666
145
270
74
797
805
54
17
799
180
471
311
736
820
152
153
542
61
112
417
927
878
198
390
371
342
292
772
750
911
126
312
347
174
949
413
981
795
207
188
527
327
323
366
620
606
17
746
229
763
644
46
330
219
627
462
547
998
590
816
231
980
612
65
772
209
255
56
314
598
112
829
879
907
873
281
17
965
636
172
334
711
493
482
516
670
704
897
475
121
310
901
896
867
658
348
545
464
439
795
628
281
553
384
108
374
727
451
629
166
39
148
786
629
117
921
477
954
424
718
979
898
726
66
